time,rank,song_id,title,singers,album,date,genre,creator,lyric
2003.08.17~08.23,2,473438,Missing You,플라이투더스카이,Missing You,2003.07.07,R&B / Soul,박창현,이젠 그대가 아니라고 해도   아니면 날 까맣게 잊었어도   넌 단지 내게 지난 사랑이라도   Tonight is Just One Night   너를 잃기 전처럼   널 다시 갖고 싶은 내 마음은   왜 그렇게 미련스러운건지   네가 없는 나 인정할 수가 없는   Tonight is Just One Night   너를 잃기 전처럼   한번만 내 맘을 들어줘   Every day Every night   I am Missing you   내 곁엔 없어도 이젠   볼수는 없어도   언제나 내 맘엔 똑같은 너인걸   널 다시 갖고 싶은 내 마음은   왜 그렇게 미련스러운건지   네가 없는 날 실감할수가 없는   Tonight is Just One Night   너를 잃기 전처럼   한번만 내 맘을 들어줘   Every day Every night   I am Missing you   내 곁엔 없어도 다신   볼수는 없어도   언제나 내 맘엔 똑같은 너인걸   난 기대하잖아 다시 내게 온다고   언제나 내 맘은 니 안에 갇힌걸  한번만 내 맘을 들어줘  Every day Every night   I am Missing you   내 곁에 없어도 다신   볼수 없어도   언제나 내 맘은 Because   I loving you   한번만 내 맘을 들어줘   Every day Every night   I am Missing you   내 곁에 없어도 없어도 난  다신 볼수 없어도  언제나 내 맘엔 똑같은 너인걸  내겐 너만은 똑같은 너인걸
2003.08.17~08.23,3,471072,결혼을 할 거라면,쿨(COOL),Cool 8ight,2003.07,Dance,이승호,이리저리 아무리 생각해봐도 그대는 나만 있으면 될 것 같은데 얼마나 이별을 더 해봐야 알 수 있을런지 이제서야 조금씩 알 것 같은데 도대체 남자가 뭐란 걸 사랑을 다룰 땐 역시 경험이란 걸 그렇게 버티다간 늘어나는 나이와 잔주름 책잡힐 과건 왜 만들어 그냥 날 선택하세요 결혼해줘요 눈 딱 감고 내 한 목숨 그댈 위해서 다 던져버릴테니 그대 인생 내게 맡겨 봐요 결혼해줘요 날 믿어요 나 사실은 자신 없어요 나 다른 건 몰라도 약속해줘요 Oh 사랑할거예요 혼자서 외로울 땐 결혼이 하고 싶고 결혼을 하고 나면 아기가 갖고 싶고 아기가 생겨 나고 세월이 흘러가면 혼자가 부러워진대 여기저기 결혼한 많은 사람들 이런 내 얘길 들으면 그럴 땐 그런 거라고 왠지 행복하지 않아보여 그렇잖아 그렇게 변해가잖아 다시 또 혼자도 되잖아 사랑이 뭔지도 혼란스러울 뿐야 어쩌면 환상같은 행복으로 시작은 했지만 먹구름 같은 현실속에 무너져 간 건 아닐까 결혼해줘요 내 사랑은 이 세상을 끝내는 그날 내 마지막 고백이 되는 그런 사랑 만들테니 결혼해줘요 날 믿어요 나 사실은 자신 없어요 나 그대만 보면서 약속해줘요 Oh 행복할거예요 날 사랑하나요 그럼요 난 아직 모르겠어요 왜 나를 스친 남자들이 갑자기 생각날까 결혼해줘요 눈 딱 감고 내 한 목숨 그댈 위해서 다 던져버릴테니 그대 인생 내게 맡겨 봐요 결혼해줘요 날 믿어요 나 사실은 자신 없어요 나 다른 건 몰라도 약속해줘요 Oh 영원할거예요 결혼을 할 거라면 확실히 목숨 걸고 결혼을 한 거라면 끝까지 책임지고 한평생 살 거라면 절대로 배신없이 사랑을 지켜야만해 결혼을 할거라면
2003.08.17~08.23,4,473152,앤,박정현,Live Op.4 Concert Project 4th Movement The Album,2003.07.09,R&B / Soul,,나 우연이라도 그댈 마주치게 되길 빌며 외출할 때면 항상 단장을 하게 되네요 내 예쁜 모습을 다시 보게 되면 그대 혹시 흔들릴까봐 해주지 못한 말이 많은데 듣고 싶은 말도 많은데 보고 싶을 때도 아직 많은데 이젠 늦었나요  날 가끔이라도 그대 생각하기는 하나요 내게 해준만큼  지금 그녀에게 똑같이 해주고 있나요 어떻게 살아가고 있나요 밥은 챙겨먹고 있나요 가끔 내가 보고 싶긴 한가요 그대 나만큼은 아니라도 아프기는 한가요  나 그대 불행하길 바랬죠 그럼 혹시나 돌아올까 그런 못된 생각으로 지냈죠 나를 용서해요 모든게 끝났단 걸 아는데 잊어야 한단 걸 아는데 가슴은 늘 머리보다 더디죠 이젠 누구도  사랑할 수가 없을 것만 같아요
2003.08.17~08.23,5,420520,거부,빅마마,Like The Bible,2003.02.06,R&B / Soul,신연아,자꾸 재촉하지마 터질 것만 같아 아직 끝이 아니야 난 널 믿지 않아 나 그런 눈으로 바라보는 세상 너나 돌아봐 멋대로 뜻대로 내 모습 그대로 내 멋대로 할꺼야 그래 너와 내가 다르다는 걸 왜 받아들이지 못해 내가 너를 그냥 내버려두듯이 그 무엇도 강요할 순 없어 자꾸 재촉하지마 터질 것만 같아 아직 끝이 아니야 난 널 믿지 않아 다 그렇고 그렇게 사는거라고 너는 말하지 감추고 숨기고 속이고 따지고 이게 세상이라고 서로 잘났다고 떠드는 꼴들이 우습게 보일뿐야 가르치려드는 너의 그 두 눈이 나를 더욱 약하게 하잖아 자꾸 재촉하지마 터질 것만 같아 아직 끝이 아니야 난 널 믿지 않아 내게 더 바라지 말아 지금도 지쳐하고 있는 내 마지막 기대 마저도 죽어가잖아 자꾸 재촉하지마 터질 것만 같아 아직 끝이 아니야 난 널 믿지 않아 자꾸 재촉하지마 터질 것만 같아 아직 끝이 아니야 난 널 믿지 않아 자꾸 재촉하지마 터질 것만 같아 아직 끝이 아니야 난 널 믿지 않아 착각하며 살지마
2003.08.17~08.23,6,608151,아틀란티스 소녀 (Atlantis Princess),보아(BoA),Atlantis Princess,2003.05.31,Dance,태훈,아틀란티스 소녀 (Atlantis Princess)  저 먼 바다 끝엔 뭐가 있을까 다른 무언가 세상과는 먼 얘기 구름위로 올라가면 보일까 천사와 나팔부는 아이들  숲속 어디엔가 귀를 대보면 오직 내게만 작게 들려오는 목소리 꿈을 꾸는 듯이 날아가볼까 저기 높은 곳 아무도 없는 세계  그렇게도 많던 질문과 풀리지 못한 나의 수많은 얘기가 돌아보고 서면 언제부턴가 나도 몰래 잊고 있던 나만의 비밀  (이제 정말) 왜 이래 나 이제 커버린 걸까 (이제 정말) 뭔가 잃어버린 기억 (지금 내맘) 이젠 나의 그 작은 소망과 꿈을 잃지 않기를 저 하늘속에 속삭일래  까만 밤하늘에 밝게 빛나던 별들 가운데 나 태어난 곳 있을까 나는 지구인과 다른 곳에서 내려 온 거라 믿고 싶기도 했어  그렇게도 많던 질문과 풀리지 못한 나의 수많은 얘기가 돌아보고 서면 언제 부턴가 나도 몰래 잊고 있던 나만의 비밀  (이제 정말) 왜 이래 나 이제 커버린 걸까 (이제 정말) 뭔가 잃어버린 기억 (지금 내맘) 이젠 나의 그 작은 소망과 꿈을 잃지 않기를 저 하늘속에 속삭일래  왜 이래 나 이제 커버린 걸까 (이제 정말) 뭔가 잃어버린 기억 (지금 내맘) 이젠 나의 그 작은 소망과 꿈을 잃지 않기를 저 하늘속에 속삭일래  너무나도 좋은 향기와 바람이  나에게로 다가와  어느샌가 나도 모르게 가만히 들려오는 작은 속삭임 귀를 기울이고 불러보세요 다시 찾게 될 거예요 잊혀진 기억  (생각해봐) 나 이제 더 이상 놓치진 않아 (소중했던) 나의 잃어버린 기억 (지금 내맘) 이젠 나의 그 작은 소망과 꿈을 잃지 않기를 저 하늘 속에 속삭일래  왜 이래 나 이제 커버린 걸까 (이제 정말) 뭔가 잃어버린 기억 (지금 내맘) 이젠 나의 그 작은 소망과 꿈을 잃지 않기를 저 하늘속에 기도할래
2003.08.17~08.23,7,447865,한번 단 한번,세븐,Just Listen.......,2003.03.08,Ballad,"dk,박경진",날 이제 그만 너의 곁으로  돌아가도록 해줘  그런 네 맘 어디도 있지 않은  차가운 말은 싫어 yeh-  첨 만난 그날 처럼 미소를 나에게 줘  다시 바라봐 줘 Uh-   아무런 말도 못하고 서 있는  나를 용서 해줘 네 곁에만 있을게  For you For you  널 울리지 않을게 약속해 너에게   한번 단 한번 아픈 내 마음을 알아줘  너를 바라는 너 하나 사랑한 내 맘을  너를 떠나선 행복할 순 없어 난  You Don't have to be along  그저 내 사랑 알기만 해줘   나조차 모를 만큼 빠르게  빠져 버린 거야 네가 아파할 줄은  나 몰랐나 봐 나 잊었나 봐  하지만 한 순간도 내 맘이  널 떠나 살진 않았어   믿어줘 날 널 사랑하는 날 제발-  네 곁에만 있을게  For you For you-  널 울리지 않을 게 약속해 너에게   한번 단 한번 아픈 내 마음을 알아줘  너를 바라는 너 하나 사랑한 내 맘을  너를 떠나선 행복할 순 없어 난  You Don't have to be along  그저 내 사랑 알기만 해줘   (난 아직 까지 한번도 네 사랑 없이  다른 누굴 사랑할 자신도)  다른 사람 사랑 할 생각한 적 없는데   한번 단 한번 아픈 내 마음을 알아줘  너를 바라는 너 하나 사랑한 내 맘을  너를 떠나선 행복할 순 없어 난  You Don't have to be along   한번 단 한번 아픈 내 마음을 알아줘  너를 바라는 너 하나 사랑한 내 맘을  너를 떠나선 행복할 순 없어 난  You Don't have to be along  그저 내 사랑 알기만 해줘 -
2003.08.17~08.23,8,465286,안녕,박혜경,Seraphim,2003.06.17,Rock,"강현민,박지원,박혜경",외로운 날들이여 모두 다 안녕
2003.08.17~08.23,9,466094,Stay,넬(NELL),Let It Rain,2003.06,Rock,김종완(NELL),Stay 내 눈물이 마를 때까지 Stay 내가 나를 모를 때까지 Stay 아주 조금만 기다려 Stay 내 기억의 주인은 나야 Stay 내가 널 보내줄 때까지 Stay 내 기억속에서라도 조금의 따뜻함이라도  간직할 수 있게해 줘 난 이미 얼어버릴 듯  한없이 차가워 너마저 떠나면 나에겐  이제 아름다움이 없어 난 이미 버려져 있고  한없이 더러워 Hey 이미 꽤 오랜 시간동안  내 안에 머물러 있었잖아 이제 그냥 집이라고 생각해 조금의 따뜻함이라도  간직할 수 있게해줘 난 이미 얼어버릴 듯  한없이 차가워 너마저 떠나면 나에겐  이제 아름다움이 없어 난 이미 버려져 있고  한없이 더러워 Stay inside my dear Don't you come out my dear  조금의 따뜻함이라도 간직할 수 있게 해줘 난 이미 얼어버릴 듯  한없이 차가워 너 마저 떠나면 나에겐 이제 아름다움이 없어 난 이미 죽어 버릴 듯  한없이 더러워 Stay my dear Stay my dear
2003.08.17~08.23,10,445413,사랑합니다...,팀,영민,2003.03.01,Ballad,강은경,나빠요 참 그대란 사람  허락도 없이 왜 내 맘 가져요  그대 때문에 난 힘겹게 살고만 있는데  그댄 모르잖아요 알아요 나는 아니란 걸  눈길 줄 만큼 보잘 것 없단걸 다만 가끔씩 그저 그 미소 여기 내게도  나눠줄 순 없나요 비록 사랑은 아니라도 언젠간 한번쯤은 돌아봐 주겠죠  한없이 뒤에서 기다리면 오늘도 차마 못한 가슴속 한마디 그댈 사랑합니다 어제도 책상에 엎드려  그댈 그리다 잠들었나봐요 눈을 떠보니 눈물에 녹아 흩어져 있던  시린 그대 이름과 헛된 바램뿐인 낙서만 언젠간 한번쯤은 돌아봐 주겠죠  한없이 뒤에서 기다리면 오늘도 차마 못한 가슴속 한마디 그댈 사랑합니다 이젠 너무 나도 내겐 익숙한  그대 뒷모습을 바라보며 흐르는 눈물처럼 소리없는 그말 그댈 사랑합니다
2003.08.17~08.23,11,473186,끝이라면,김현정,Hit For 6ix,2003.07.08,Dance,M.,끝이라면 ....  - 간 주 중 - 생각도 못한 이별에 가슴 아픈건 나혼자니  그렇게 내가 싫었니 다시는 안볼 사람처럼  나를 봐 니가 원한게 이런거니  그랬니 비참한 표정 맘에드니   미안해 한마디 조차 싫었니  도대체 너란 사람은 누구였니  우리 즐겁던 날들 기억하니  혹시 그것마저도 다 잊엊니  이런게 니가 원한 사랑인거야  그렇다면 다시오진 않아도돼  끝이라면 다신 생각도 않는다며  나 같은 여잔 힘들다며  냉정하게 돌아섰던 그런 너잖아  날 떠나 왜 다시 돌아와 지우려는 날 괴롭혀  남은게 뭐야 니가 남긴 상처들뿐  다시는 이런 장난같은 사랑은 하지 않을래  날 그냥 내버려둬 - 간 주 중 - 나보다 그녀 잘해주니 좋았니  원하던 사람 찾은거니  어떻게 사랑하면서 그랬니  도대체 너란 사람은 누구였니?   우리 즐겁던 날들 기억하니  혹시 그것마저도 다 잊엊니  이런게 니가 원한 사랑인거야  그렇다면 다시오진 않아도돼  끝이라면 다신 생각도 않는다며  나 같은 여잔 힘들다며  냉정하게 돌아섰던 그런 너잖아  날 떠나 왜 다시 돌아와 지우려는 날 괴롭혀  남은게 뭐야 니가 남긴 상처들뿐  다시는 이런 장난같은 사랑은 하지 않을래  날 그냥 내버려둬 기억속에 너의 모습 하나라도 남았다면  그것만은 간직해두길 허락해줄게 날 떠나 왜 다시 돌아와 지우려는 날 괴롭혀  남은게 뭐야 니가 남긴 상처들뿐  다시는 이런 장난같은 사랑은 하지 않을래  날 그냥 내버려둬  날 그냥 내버려둬
2003.08.17~08.23,12,1590177,G.선상의 아리아 (Silent Confict),문희준,Legend,2003.07.28,Rock,문희준,모든 게 너에게는 너의 삶이 아닌데도  (네겐 그럴 권리조차 없는 걸 네 마음에 G.가리지마)    작은 의자에 앉아 너의 그 검은 손으로 너의 인격을 죽여가    Oh~ 그렇게 살지마 Oh~ 너를 위해서  Oh~ 그럴 필요 없잖아 Oh~ 널 기억해    살아가기도 힘든 세상에(너 같은 것들)  이젠 가치조차 없는 것들 사라져 버려    너완 상관없다고 남들을 유린하지마  (네겐 그럴 권리조차 없는 걸 네 마음에 G.가리지마)    생각없이 내뱉은 너의 그 더러운 말로 평생을 상처로 살아가    Oh~ 그렇게 살지마 Oh~ 너를 위해서  Oh~ 그럴 필요 없잖아 Oh~ 널 기억해    어지러운 세상 속에(그렇게 살지마)  너에겐 마지막 기회(너를 위해서)  이제 더 이상은 안돼(그럴 필요 없잖아) Oh~ (널 기억해)
2003.08.17~08.23,13,455209,아직 못다한 이야기 (Feat. BMK),김진표,JP4,2003.05.12,Rap / Hip-hop,김진표,It's it's jp 나 너와 나 똑같은 끝까지 아직 아직 못다한 내 얘기 이 세상이 끝날 때 까지(이 세상이 끝날 때 까지) 안녕이라 말하지마 아직은 날 떠나가지마 이밤이 지난대도 몇 만년이 흘러도 아직 난 해줄 얘기가 많아 어제 넌 내게 아무 말이나 해보라고 했지 왜 암말 못하냐며 소릴 질러댔지 무슨 말을 해야될지 몰랐었을 뿐인데 너에게 하고 싶은 말들은 많았었는데 무조건 화만내며 눈물이 가득 고인 널 바라보며 내 입술은 절대 떨어지지 않던 걸 또한 구차해지는 것 같아 망설였을뿐 순간 자존심 챙기는 내게 실망했을뿐 말한마디 꺼낼때면 내말을 잘라 넌 말했었지 우린 너무나 달라 가슴아픈 예전의 추억들만 잔뜩 꺼내 회복할수 없을 만큼 터뜨려 우리 사일 갈라 이런 상황에서 내가 무슨말을 해 너무 당황해서 담배만 태우는데 우리 심장 박동소리만 여기 잔뜩 울려 어색한 침묵만 끊임없이 주위에 계속 흘러 안녕이라 말하지마 아직은 날 떠나가지마 이 밤이 지난대도 몇만년이 흘러도 아직 난 해줄 얘기가 많아 날 첨볼 때 너무도 환히 웃던 미소 난 아직도 선명히 내 머리에 남아있어 우리가 자주 가던 바에서 너와나 손잡고 바랬던  우리 둘만의 미래 난 아직 기억해 이 짧은 노래에 말하긴 부족해 순전히 너의 모습 보기 위해서 너의 집앞에서 난 기나긴 밤을 매일 지새웠었어 안녕이란 말을 더듬던것부터 조그만 우리의 발이 되준 내 스쿠터 뒤에서 들리던 행복한 니 웃음 소리 그리고 말하기엔 유치한 그 놀이 갑자기 필름처럼 모든것들이 다가와 왜 지금에서야 모두 생각나는것일까 뒤를 돌아봐 시간있잖아 나 아직 너에게 해줄 얘기가 너무 많아 너와나 우리같이 이 세상이 끝날때까지 안녕이라 말하지마 아직은 날 떠나가지마 이 밤이 지난대도 몇만년이 흘러도 아직 난 해줄 얘기가 많아 이 밤이 지난대도 태양이 다시떠도 너에게 해줄 말이 많은 걸 내게 불어오는 바람아 너는 내 얘기를 어서 그녀에게 전해주렴 내 몸을 적시는 빗방울아 너는 그녀 향길 어서 내 몸에서 씻어주렴 내게 내리쬐는 태양아 너는 여길 떠나 어서 그녀에게 비춰주렴 뭐든지 볼 수있는 하늘아 그녈 볼 수 있게 어서 너의 눈을 빌려주렴 내게 불어오는 바람아 너는 내 얘기를 어서 그녀에게 전해주렴 내 몸을 적시는 빗방울아 너는 그녀 향길 어서 내 몸에서 씻어주렴 내게 내리쬐는 태양아 너는 여길 떠나 어서 그녀에게 비춰주렴 뭐든지 볼 수있는 하늘아....
2003.08.17~08.23,14,454476,하늘을 달리다,이적,2적,2003.05.13,Rock,이적,두근거렸지  누군가 나의 뒤를 쫓고있었고  검은 절벽 끝  더 이상 발 디딜 곳 하나 없었지  자꾸 목이 메어  간절히 네 이름을 되뇌었을 때  귓가에 울리는 그대의  뜨거운 목소리  그게 나의 구원이었어  마른 하늘을 달려  나 그대에게 안길 수만 있으면  내 몸 부서진대도 좋아  설혹 너무 태양 가까이 날아  두 다리 모두 녹아 내린다고 해도  내맘 그대 마음속으로  영원토록 달려갈거야  내가 미웠지  난 결국 이것밖에 안 돼 보였고  오랜 꿈들이  공허한 어린 날의 착각 같았지  울먹임을 참고 남몰래 네 이름을 속삭였을 때 귓가에 울리는 그대의 뜨거운 목소리 그게 나의 희망이었어 마른 하늘을 달려 나 그대에게 안길 수만 있으면 내 몸 부서진대도 좋아 설혹 너무 태양 가까이 날아 두 다리 모두 녹아 내린다고 해도 내맘 그대 마음속으로 영원토록 달려갈거야 허약한 내 영혼에 힘을 날개를 달수있다면 마른 하늘을 달려 나 그대에게 안길 수만 있으면 내 몸 부서진대도 좋아 설혹 너무 태양 가까이 날아 두 다리 모두 녹아 내린다고 해도 내맘 그대 마음속으로 영원토록 달려갈거야
2003.08.17~08.23,15,454493,비상,KYT(코요태),비상(非常),2003.05.22,Dance,신지,Yeah yeah Party people in the house We back again 5th time around Never gonna stop naver gonna quit Once again bringing back the flava like this 끝난 거야 돌아가 이제 더 이상은 나를 찾지마 니가 싫어졌다는데 무슨 얘기가 더 필요해 함께했던 시간들 더는 없다하며 추억하지마 내가 너를 버렸다는 걸 그 하나만 기억해 다른 사랑이 오면 나란 사람 잊게 될 거야 지금 니 눈물도 외로움도 숙명인 거야 아냐 나를 봐 내 눈을 바라봐 다시 말해봐 날 보고 말해봐 모두 거짓말 그런 말 믿지 않아 가지마 떠나지마 서로 사랑의 마음을 줬잖아 우리 정주고 모든 걸 줬잖아 나를 혼자 두지마 버리지마 lay back with the sonud just get on down uh when I come around just blast it out lay back with the sound just get on down uh when I come around just blast it out come on 모든 것이 다 끝났어 널 항상 지켜 보고 싶었어 외로울 때도 보고 싶어도 세상 끝날것만 같아도 너 날 가슴 아프게 날 봐라 하지만 제발 날 잡지마 베이베 바라지마 내게 떠나가버려 and never come back 잘해주고 싶었어 너를 행복하게 해주고 싶었어 자꾸 나 때문에 우는 널 보고 싶지 않았어 내가 사라져야 해 잔인하게 널 버려야 해 작은 미련조차 남지 않게 잊을 수 있게 아냐 나를 봐 내 눈을 바라봐 다시 말해봐 날 보고 말해봐 모두 거짓말 그런 말 나 믿지 않아 가지마 떠나지마 서로 사랑의 마음을 줬잖아 우리 정주고 모든 걸 줬잖아 나를 혼자두지 마 버리지 마 어쩌면 평생토록 후회할지 몰라 나를 위해 떠난다는 말은 제발 하지마 이건 아니야 꿈이야 가지마 다시 첨으로 내게로 돌아와 제발 니옆에 아픔이 끝내지 마 다 알아 니 맘 알아 나를 버리고 떠나면 안되지 애써 싫은 척 지우려 하지마 나를 사랑하면서 떠나지마
2003.08.17~08.23,16,455268,놀러와,러브홀릭,Florist,2003.04.25,Rock,강현민,나른한 오후 재미도 없고   일말의 의욕 하나도 없어   일상에 지쳐 지겨운 날들  사는 건 뭘까  허탈한 새벽 홀로 외로워   날 찾는 이는 하나도 없어   이 넓은 우주 먼지 같은 난   뭘 하는 걸까 생각이 들면   내게 전화해 빨리 전화해   이런 저런 얘기하면서  웃어나 보자   아님 놀러와 그냥 놀러와   언제 어디서나 니 곁엔  내가 있잖니   I love you forever  Just like a shining spring   I love you forever  심난해 하지마   I love you forever  Just like a happy christmas   I love you forever  심각해 하지마   비오는 저녁 눈물이 흘러   보고픈 사람 있긴 있지만  그에게 나는 존재도 없어  사랑이 뭘까 서러워지면  내게 전화해 빨리 전화해  이런 저런 얘기하면서  웃어나 보자   아님 놀러와 그냥 놀러와   언제 어디서나 니 곁엔  내가 있잖니   I love you forever  Just like a shining spring   I love you forever  심난해 하지마   I love you forever  Just like a happy christmas  언젠간 행복 할거야  메마른 땅에도 꽃은 피듯이   I love you forever  Just like a shining spring   I love you forever  심난해 하지마   I love you forever  Just like a happy christmas   I love you forever  심각해 하지마   I love you forever  Just like a shining spring   I love you forever  심난해 하지마   I love you forever  Just like a happy christmas  I love you forever  심각해 하지마
2003.08.17~08.23,17,467770,목포의 눈물,한영애,Behind Time(1925~1955 A Memory Left At An Alley),2003.07.01,Folk,문일석,사공의 뱃노래 가물거리면
2003.08.17~08.23,18,1183921,돌아와 제발,JK김동욱,Multiplepersonalize,2003.08.05,Ballad,조세정,우리의 사랑이 한 줄기 눈물 되어서  내 가슴을 적셔와  우리의 사랑이 초라한 추억 되어서  내 가슴에 상처를 새겨   나였잖아 나였잖아 네옆에서  늘 지켜주던 사람  다른 사람곁에서 나를 지워가는 널  바라보고만 있는 나   돌아와 제발 안올 줄 알면서도  매일 밤 내 꿈속에서 널 기다리며 울고 있어  날 버린 우리 마지막 사랑까지도 간직하고 싶어   너였잖아 (나의 사랑) 너였잖아 내곁에서  늘 지켜주던 사람  다른 사람곁에서 나를 지워가는 널  바라보고만 있는 나   돌아와 제발 안올 줄 알면서도  매일 밤 내 꿈속에서 널 기다리며 울고 있어  날 버린 우리 마지막 사랑까지도 간직하고 싶어   더 이상 무엇도 묻지 않을게  그냥 돌아오면 돼   돌아와 제발 안올 줄 알면서도  매일 밤 내 꿈속에서 널 기다리며 울고 있어  날 버린 우리 마지막 사랑까지도 간직하고 싶어
2003.08.17~08.23,19,471121,Do It Yourself,레이지본,Do It Yourself,2003.07.16,Rock,"레이지본,노진우",꿈꾸며 사는 거야  내 인생은 나의 것이니까  눈치 보며 살지마  떳떳하게  Do It Yourself  당당하게 사는 거야  내 인생은 나의 것이니까  나의 길을 가겠어  나의 꿈은 소중하니까  하고 싶은 일이 생긴 것 같아  엄마에게 물어봐야지  그녀가 자꾸 만 보고 싶은데  엄마에게 야단 맞겠지  내 사랑도 내 인생도  힘들 때도 나는 평생  엄마 찾아 삼만리 밥말리  우리 집 강아지 워 아이구 내 새끼 워 니가 난 정말 자랑스럽다  우리 아빠는 내게 말하지  나는 이 길로 가고만 싶은데  아빠는 절대 허락 안하지  이거해라 저거해라  저건 절대 하지마라  머리속에 맴돌아 맴돌아  귓가에 맴돌아 워 이젠 날 냅둬라 워 꿈꾸며 사는 거야  내 인생은 나의 것이니까  눈치 보며 살지마  떳떳하게  Do It Yourself  당당하게 사는 거야  내 인생은 나의 것이니까  나의 길을 가겠어  나의 꿈은 소중하니까  떠나는 소녀여 거기 서다오  제발 다시 돌아와주오  타는 가슴 눈물만 흘린다오  나에게 다시 돌아와주오  첫사랑은 떠나갔지  아버지도 그랬겠지  별이 빛나는 밤에 별밤에 너무나 후회해 워 니맘을 보여줘 워 사랑은 쉽게 떠나간다오  하소연해도 소용없다오  돈주고 살수도 없는거라오  진실만이 소중한거라오  로미오와 줄리엣과  변사또와 김중배는  바보 로맨티스트 로맨스 주위를 둘러봐 워 모두다 똑같아 워 꿈꾸며 사는 거야  내 인생은 나의 것이니까  눈치 보며 살지마  떳떳하게  Do It Yourself  당당하게 사는 거야  내 인생은 나의 것이니까  나의 길을 가겠어 당당하게  나의 꿈은 소중하니까 다른 길로 가면 난 행복해질텐데  자랑스런 착한 아이  아빠는 기뻐할텐데  하지만 난 가고 싶은 길을 갈거야  후회없는 인생 멋지잖아  이건 나의 인생이야  Do It Yourself  꿈꾸며 사는 거야  내 인생은 나의 것이니까  눈치 보며 살지마  떳떳하게  Do It Yourself  당당하게 사는 거야  내 인생은 나의 것이니까  나의 길을 가겠어  나의 꿈은 소중하니까  꿈꾸며 사는 거야  내 인생은 나의 것이니까  눈치 보며 살지마  떳떳하게  Do It Yourself 당당하게 사는 거야  내 인생은 나의 것이니까  나의 길을 가겠어  떳떳하게  Do It Yourself
2003.08.17~08.23,20,609381,니가 참 좋아,쥬얼리,3집 Beloved,2003.07.12,Dance,심현보,온종일 정신없이 바쁘다가도  틈만나면 니가 생각나  언제부터 내 안에 살았니  참 많이 웃게돼 너 때문에  어느새 너의 모든 것들이 편해지나봐  부드러운 미소도 나지막한 목소리도  you 아직은 얘기 할 수 없지만  난 있잖아 니가 정말 좋아  사랑이란 말하긴 어설플지 몰라도  아주 솔직히 그냥 니가 참 좋아  친구들속에 너와 함께일때면  조심스레 행복해지고  어쩌다가 니옆에 앉으면  세상을 다 가진 기분이 드는걸  우연히 눈만 마주쳐도  괜스레 발끝만 보게되고  조금씩 내 마음이 너에게 가고 있는걸  이 세상에 두사람 너랑 나만 몰랐나봐  you 얼마나 잘 할지는 몰라도  난 니곁에 서고 싶어 정말  하루하루 점점 더 커져가는 이 느낌  다른날 보다 그냥 니가 참 좋아  손잡을 때는 어떨까  우리둘이 입맞춘다면  you 아직은 얘기할수 없지만  난있잖아 니가 정말 좋아  사랑이란 말하긴 어설플지 몰라도  아주 솔직히 그냥 니가 참 좋아
2003.08.17~08.23,21,456856,"Fly High (Feat. 정인, 하림(河琳))",리쌍,"재, 계발(再啓發)",2003.05.22,Rap / Hip-hop,개리,fly high 저 위로 다 잡은 맘을 놓치지 말고 fly high 더 위로 나를 가둔 생각은 모두 fly high 저 위로 주먹을 꽉 쥔 너만을 믿고 fly high 더 위로 오 희망을 담은 태양을 달고 아무리 생각해도 너무나 바보처럼 살아온 내 지난날 한창 어려웠던 시절 항상 주머니가 텅텅 벼 방바닥만을 기며 신세 타령만 하던 날 위해 잔소릴 하시던 엄말 한없이 원망 또 원망하며 힘들게 살라고 나를 낳았나요 그렇게 맘속으로 외치던 바로 그때 그때 난 참 바보 같았지 또 털빠진 닭처럼 초라한 내차림 때문에 사람들이 많이 모인 자릴 괜히 피하며 고개를 들지 못했던 바로 그때 그때 난 참 바보 같았지 fly high 저 위로 다 잡은 맘을 놓치지 말고 fly high 더 위로 나를 가둔 생각은 모두 fly high 저 위로 주먹을 꽉 쥔 너만을 믿고 fly high 더 위로 오 희망을 담은 태양을 달고 i got to go 고개들어 나를 느껴 feeling i got to go 손을 들어 다같이 fly high 열이면 열 백이면 백 모두가 다 말렸던 사랑에 난 허기진 밸 채우는 개 마냥 사랑에만 미쳐 친구고 일이고 다 버리고 불철주야 사랑이 전부야 그렇게 외치다 결국 이별이 들이닥쳐 괜히 난 죄없는 벽을 쳐 떨리는 손으로 붕대를 감던 그때 그때 난 참 바보 같았지 바보 같았던 지나온 날들을 이젠 난 잊고서 희망의 연을 날려 fly high 저 위로 다 잡은 맘을 놓치지 말고 fly high 더 위로 나를 가둔 생각은 모두 fly high 저 위로 주먹을 꽉 쥔 너만을 믿고 fly high 더 위로 오 희망을 담은 태양을 달고 i got to go 고개들어 나를 느껴 feeling i got to go 손을 들어 다같이 fly high 술에 취해 비틀 거리던 어제 가로등을 붙잡고 했던 나의 맹세 다시는 그 지독한 돈 냄샐 더 맡지 못한다고 내 삶을 비관하진 말자 또 사랑때문에 내 소중한 일과 사람 그 모든걸 바람처럼 모른체 하는 배신잔 더더욱 되지말자 그리고 언제 어디서나 당당하자 그렇게 다짐하고 24시간이 지나 또 아무것도 지키지 못한 어리석은 나 다시 한번 그 다짐을 반복해 그리고 내 그림잘 보며 소리치며 욕해 왜 그리도 넌 바보처럼 살았냐고 fly high 저 위로 다 잡은 맘을 놓치지 말고 fly high 더 위로 나를 가둔 생각은 모두 fly high 저 위로 주먹을 꽉 쥔 너만을 믿고 fly high 더 위로 오 희망을 담은 태양을 달고 fly high 저 위로 저 위로 날아가는 꿈을 꿔봐 fly high 더 위로 나를 가둔 생각은 모두 fly high 저 위로 주먹을 꽉 쥔 너만을 믿고 fly high 더 위로 오 희망을 담은 태양을 달고 fly high 저 위로
2003.08.17~08.23,22,465183,아껴둔 이야기 (Radio Edit Ver.) (Feat. The Edition),강성훈,Hoony 03,2003.06.25,Ballad,"서하나,루이",아직도 그대로인지   시간이 데려간 네 모습  힘이 들어도 나의 하나까지도   아껴주는지  저녁이 내린 어느 날   너의 집앞에 울던 나  그렇게 시작된   어린사랑의 슬픈약속  넌 알고있니 그 누구보다   멋진 사람이 되고 싶어  그 흔한 담배조차 배우지 않고   대신 기다림을 배웠어  너를 찾는 동안  희망에 기대어 보면   내일은 와줄것 같은데  두팔을 벌려 너의 그늘이   되어주고 싶은데  동전하나를 모으듯   너의 기억을 채우면  비개인 하늘에 환히 웃는   넌 무지개로  하루가 가고 십년이가도   결국 변하지 않는 하나  너만을 그리다 떨어진   눈물은 아프기보단   더 반가운데  너의 두 손안에 잠시 멈춰있는   바람개비를 숨모아 돌려보면  이미 난 기억속 그날로   나를 데려가고  I'm waiting for you  넌 알고있니 그 누구보다   멋진 사람이 되고 싶어  그 흔한 담배조차 배우지 않고   대신 기다림을 배웠어  하루가 가고 십년이 가도   결국 변하지 않는 하나  니가 보고싶어 너무 보고싶어   아껴둔 사랑 널 기다리며  I believe that   you'll be my love  and i promise   you i'm yours forever  그 흔한 담배조차 배우지 않고   대신 기다림을 난 배웠어  I believe that  you'll be my love and i promise you  i'm yours forever 너만을 그리다 떨어진  눈물은 아프기보단 더 반가운데
2003.08.17~08.23,23,473302,Summer Dance,이정현,Summer Party! (Special Album),2003.07.10,Dance,최은하,Honey 멍하니 누굴 보는 거니 왜 그리 눈치없는 거니 내게 오지 않고  뭐하니 OH OH OH 너 정말 Lucky 한 거 아니 나 지금 너에게로  다가가잖아 이 여름 동안에 나를 너의 여자로 만들어 내게로 다가와 반짝이고 있는  나를 느껴봐 오오 정해진 건 없어 네가 느낀 대로  신나게 흔드는 거야 OH Baby OH OH OH OH  더 크게 소리쳐봐 OH OH OH OH  그대 맘 속에 있는 슬픔이 지친 아픔이 모두 날아가 버리게 OH Baby OH OH OH OH  지금 너를 버려봐 OH OH OH OH  네 속에 갇혀 있던 또 다른 너를 내가 만나 볼 수 있게 Hey Man Hey Girl  Let's Dance Dance Dance Dance Dance Dance Dance Dance Dance Dance Honey 넌 너무 Art 한 거 아니 어쩜 그렇게 Sexy 하니 너무 완벽한 거 아니니 OH OH OH 샤르르 녹여 버릴 거야 꿈같은 여름날을  만들어 줄게 밀려오는 파도처럼 네 맘속에 들어갈게 바다로 달려가 반짝이고 있는  너를 느껴봐 오오 딴 생각 하지마 이 느낌 그대로  신나게 즐기는 거야 OH Baby OH OH OH OH  더 크게 소리쳐봐 OH OH OH OH  그대 맘 속에 있는 슬픔이 지친 아픔이 모두 날아가 버리게 OH Baby OH OH OH OH  지금 너를 버려봐 OH OH OH OH  네 속에 갇혀 있던 또 다른 너를 내가  만나 볼 수 있게 Hey Man Hey Girl  Let's Dance 슈바슈바리 슈루루 슈바슈바리 슈루루 슈바슈바리 슈루루 슈비슈바
2003.08.17~08.23,24,480998,Without Your Love,JTL,Run Away,2003.08.11,Dance,장우혁,believe it you'd better   believe it   it's without without   your love   아무런 감정은 없어 나   바보처럼 멈춰서   나의 길을 찾으려 자 눈을 감아   왜 내가 그 이상이 될 수 없는지   알 수가 없어 이 현실이   나 여기서 끝내야해  햇님을 담아 별님을 담아   나 상상했던 이상 찾아   believe it you'd better believe it   'cause I found the future  it's sithout it's without your love   무지개 닮아 정말 예뻐  저 하늘의 구름이 되게   you'd bet better believe it  you showed me the furute  it's without without your love   나의 길을 찾으려 애쓰며   달을 내려 별빛을 꺼   무엇이든 상관없어   너로 인해 겪은 모든 것으로 인해   나의 미래를 찾았으니깐   그래 나 그 누구도 탓하지 않아   모든걸 잊고 나아가야 해   너의 사랑 없이 나아가야 해   아무도 필요치 않게   숨조차 참을 수 없게   그 누구도 탓하지 않아   너 생각해봐   그렇지 너 생각이 나질 않겠지  되돌릴수 없단 걸 알지   모든 걸 잊고 시작 해볼래  without your loving   햇님을 담아 별님을 담아   나 상상했던 이상 찾아   believe it you'd better believe it   'cause I found the future  it's sithout it's without your love   무지개 닮아 정말 예뻐  저 하늘의 구름이 되게   you'd betbetter believe it  you showed me the furute  it's without without your love   햇빛을 내려 비가 내리게   깨끗이 잊어버리게   영원히 지워 버리게   감정의 흐름을 잃어버려   공간속에 난 갇혔어  without your love   you'd better   you'd better   better believe it   you'd better   better believe it  햇님을 담아 별님을 담아   나 상상했던 이상 찾아   believe it you'd better believe it   'cause I found the future  it's sithout it's without your love   무지개 닮아 정말 예뻐  저 하늘의 구름이 되게   you'd betbetter believe it  you showed me the furute  it's without without your love  you'd better better believe it   without your love  it's without without your love  햇님을 닮아
2003.08.17~08.23,25,465218,Shine,슈가,Shine,2003.06.18,Dance,주영훈,끝이없는 어둠속에  언제나 홀로 버려진 내모습 눈물로 지샌 밤이 많았었던  기나긴 어제의 나 그렇게 외로웠던 시간속에  조금씩 환한 빛이 날 비추고 내앞에 그대라는 큰사랑이  날 찾아와 준거죠 이젠 더 이상 슬픔없게  이 사랑을 소중히 간직해요 닫혀진 내 맘을 활짝 열어둘게요  그대가 주인이죠 이런 사랑에 감사해요  다시 난 태어났죠 그댈 만나기 위해 비워둔 자리죠  이제야 행복해요 무엇도 필요없죠 아껴둔 내마음을  그댈위해 드려요 나의 지친얼굴속에 어느새  미소마저 사라지고 지나간 기억만을 원망했던  어리석은 나였죠 그런 나에게 손 내민건  그대라는 커다란 귀한 선물 이제는 우리가 함께 만들어가요  새로운 추억들을 이런 사랑에 감사해요  다시 난 태어났죠 그댈 만나기 위해  비워둔 자리죠 이제야 행복해요 무엇도 필요없죠 아껴둔 내마음을 그댈위해 드려요 - 간 주 중 - Baby Please never Break my heart 영원할 수 있도록 항상 그 환한 미소로 그대를 반길게요 이런 사랑에 감사해요 다시 난 태어났죠 그댈 만나기 위해 비워둔 자리죠 이제야 행복해요 무엇도 필요없죠 아껴둔 내마음을 모두 그대에게 하늘도 샘날 만큼 그렇게 사랑해요 내가 가진것 모두 그댈 위해 드려요
2003.08.17~08.23,26,2247749,차 차,유진,My True Style...,2003.05.30,Dance,지국현,한마디 단 한마디 축하해 바빠서 몰랐어 내 생일을 울음바다로 만들어 놓고선 바빴다고 비싸서 부담될까 선물 얘기도 안꺼냈어 단 한번만 나를 위해서 그냥 웃어주면 됐었는데 차차 나아지겠지 차차 좋아 지겠지 하루에 하루를 보탠게 결국 이거야 차차 나아지겠지 차차 좋아지겠지 미련에 미련을 보태서 널 차버릴거야 바빠서 힘들어 피곤해 그 말밖에 너는 모르지 세상 모든 여자들이 듣기 싫어하는 말 골라 해댔지 이해를 해봐도 언제나 돌아오는 것은 무관심 그것때문에 아파한 내가 정말 바보였어 한마디 단 한마디 전화해 축하한 다는말 내 생일은 너 하나로도 충분한 가치가 있었는데 잔다고 피곤해 잤다고 그 말 한마디에 난 죽었어 세상안에 살고 있단게 너로 인해서 무너졌어 차차 나아지길 바란 차차 좋아지길 바란 욕심이 너무나 컸나봐 알면서도 말야 차차 나아지길 바란 차차 좋아지길 바란 내 욕심에 욕심을 더해서 널 차버릴거야 미련한 믿음에 아파한 내 마음을 너는 모르지 알면서도 모르는 척 한거란걸 알지만 내가 미쳤지 멋대로 살아봐 혼자서 평생동안 혼자 살아봐 그때 그리우면 한 번쯤 내가 생각은 해줄게 다음 세상에서 너를 사랑할꺼냐고 물어온다면 절대 죽어도 너랑은 안해 작은것 하나도 모르는 널 너를 내가 왜 미쳐가도록 사랑 사랑했던 내가 내가 내가 불쌍해  차차 나아지길 바란 차차 좋아지길 바란 욕심이 너무나 컸나봐 알면서도 말야 차차 나아지길 바래 차차 좋아지길 바래 내 욕심에 욕심을 더해서 널 차버릴꺼야 미련한 믿음에 아파한 내 마음을 너는 모르지 알면서도 모르는 척 한거란걸 알지만 내가 미쳤지 멋대로 살아봐 혼자서 평생동안 혼자 살아봐 그때 그리우면 한 번쯤 내가 생각은 해줄게 다음 세상에서 너를 사랑할꺼냐고 물어온다면 절대 죽어도 너랑은 안해 작은 것 하나도 모르는 널 너를 내가 왜 미쳐가도록 사랑 사랑했던 내가 내가 내가 불쌍해
2003.08.17~08.23,27,460396,소주 한 잔,임창정,Bye,2003.06.05,Ballad,임창정,술이 한 잔 생각나는 밤 같이 있는 것 같아요  그 좋았던 시절들 이젠 모두  한숨만 되네요  떠나는 그대 얼굴이 혹시  울지나 않을까  나 먼저 돌아섰죠 그때부터  그리워요  사람이 변하는 걸요 다시  전보다 그댈 원해요  이렇게 취할때면 꺼져버린  전화를 붙잡고  여보세요 나야 거기 잘 지내니  여보세요 왜 말 안하니  울고 있니 내가 오랜만이라서  사랑하는 사람이라서  그대 소중한 마음 밀쳐낸  이기적인 그때의 나에게  그대를 다시 불러오라고  미친듯이 외쳤어  떠나는 그대 얼굴이 마치  처음과 같아서  나 눈물이 났어요 그때부터  그리워요  사람이 변하는 걸요 다시  전보다 그댈 원해요  이렇게 취할때면 바뀌어버린  전화번홀 누르고   여보세요 나야 거기 잘 지내니  오랜만이야 내 사랑아  그대를 다시 불러오라고  미친듯이 울었어 우  여보세요 나야 정말 미안해  이기적인 그때의 나에게  그대를 다시 불러오라고  미친듯이 외쳤어
2003.08.17~08.23,28,417892,친구,엔알지(NRG),Hit Song,2003.02.07,Ballad,천명훈,Ho ho ho Yo my friend Yo my dream Ho ho ho Yo my friend Yo my dream 내가 자란 이 동네에서  함께 뛰놀던 친구들과 모두 같이 있어  너무 좋은 추억 거리들 이거리를  그때 그곳을 생각해 보곤해 떠올려 보곤해  아무걱정 없이 미래에 대한 고민없이  말썽피고 사고치는일이 아무렇지도 않은 듯이  웃어넘긴 하긴 저긴 세월이 흘러  우리의 우정도 멀어져만 가고  돌이켜보면 난 어리석었어  그저 노는 것이 즐겁기만 했다는 것이  아무런 생각도 들지 않았어  지금 이순간이 영원하기만을 바랬어  나이가 들어 하나 둘씩 모두가 떠나가고  남은거라곤 내 힘든 육체 뿐이라고  말 한마디 건네줄 친구도 없더라고 난  yo yo my friend 그리웠던 나의 친구야 네가 너무 보고 싶어  아직 우린 미래가 남아있어 ooh yeah  지금이라도 꿈을 펼쳐봐 너에겐 용기가 있어  너와나 우리의 우정이 남아있는 걸  내가 살아간다는 건 우리가 필요하다는 건  삶에 지친 공식에 얽매이지 않다는 것  생각없이 사는것 같지만 내게도 꿈은 있어  한번도 흔들림 없는 나만의 그 세계가 있어  무엇이던 하던 말던 어쨌던 우리가 만든  춤과 노래로 희망을 갖고 나아가 모두다가  우정이란 달콤한 말로 속이기 보다는  친구라는 믿음으로 우리 모두 다가가  내 마음이 닿는대로 지금 모습 그대로  다시 하고 싶은 대로 너와 난 손발이 맞았고  스무 해를 넘어 조금은 내 인생을 찾아가고 있어  내 입가엔 미소만이 남았어  우리가 얼마나 무엇을 어떻게 하는 것이 아냐  앞을 보며 무작정으로 달리는것이 아냐  진실만으로 깨우친 후에 우정을 말하리  한번더 생각하고 그 뒤에 앞으로 나가리  그리웠던 나의 친구야 네가 너무 보고 싶어  아직 우린 미래가 남아있어 ooh yeah  지금이라도 꿈을 펼쳐봐 너에겐 용기가 있어  너와 나 우리의 우정이 남아있는 걸  ho ho ho steal in my life yo my friend yo my friend yo my drem yo my dream ho ho ho you steal in my yo my friend yo my friend yo my drem yo my dream 해맑은 너의 미소는 이제 가슴속에 남아있어  우리들의 우정은 변치 않길 바래  내 마음속에 간직 했었던 그때 그 기억속에서  다시 찾은 네 맘은 이젠 잊지 않을께
2003.08.17~08.23,29,440982,진달래꽃,마야,Born To Do It,2003.02.27,Rock,,나보기가 역겨워 가실 때에는  말없이 고이 보내 드리오리다  나보기가 역겨워 가실 때에는  죽어도 아니 눈물 흘리오리다   날 떠나 행복한지  이젠 그대아닌지  그댈 바라보며 살아온 내가  그녀 뒤에 가렸는지   사랑 그 아픔이 너무 커  숨을 쉴 수가 없어  그대 행복하게 빌어줄께요  내 영혼으로 빌어줄께요   나보기가 역겨워 가실 때에는  말없이 고이 보내 드리오리다  영변에 약산 진달래꽃  아름 따다 가실 길에 뿌리오리다   가시는 걸음 놓인 그 꽃을  사뿐히 즈려 밟고 가시옵소서  나보기가 역겨워 가실 때에는  죽어도 아니 눈물 흘리오리다   내가 떠나 바람되어 그대를 맴돌아도  그댄 그녈 사랑하겠지   나보기가 역겨워 가실 때에는  말없이 고이 보내 드리오리다  영변에 약산 진달래꽃  아름 따다 가실 길에 뿌리오리다   가시는 걸음 놓인 그 꽃을  사뿐히 즈려 밟고 가시옵소서  나보기가 역겨워 가실 때에는  죽어도 아니 눈물 흘리오리다   나보기가 역겨워 가실 때에는  죽어도 아니 눈물 흘리오리다 -
2003.08.17~08.23,30,480416,여름향기,INO,여름향기 OST,2003.08.06,"Drama,Rock",김진아,Say yes I wanna feel my life~  고운 햇살의 주문에 걸려 또 하루가 열리죠 그대 향기가 바람을 타고 살며시 날 부르죠 싱그런 아침 이슬과 그대의 향기를 담아 언제까지라도 갖고 싶은 걸 알고 있나요 say yes I wanna feel my life 내 마음 가질 오직 한 사람 이제 찾은거죠 my love I wanna dream of you 영원히 내가 사랑할테니 나를 받아줘요  반쯤 열어둔 창 너머 그대 미소로 날 반기죠 혹시 입가에 맴도는 그 말 얼굴에 써있나요 날마다 꿈에도 만나 추억을 만들고 싶죠 잠시 떨어질땐 그대 나처럼 아쉬울까 Say yes I wanna feel my life 내 마음 가질 오직 한 사람 이제 찾은거죠 my love I wanna dream of you 영원히 내가 사랑할테니 나를 받아줘요  My love I wanna dream of you 영원히 내가 사랑할테니 나를 받아줘요
2003.08.17~08.23,31,463530,바보처럼,김민종,상처받은 사람들을 위해,2003.06.10,Ballad,김민종,그토록 그댈 다 잊었다고  나의 아픔도 사라졌다고  새로운 내가 되었다고  나 행복하다고 믿어 왔었는데   바보처럼 또 소리내 울고있죠  바보처럼 또 그댈 찾아요  그댄 이미 다른 사람과  행복하게 지내는데   멍해진 내가 싫었죠  나의 아픔도 더 갈 곳없죠  행복한 그대를 보면서  그대처럼 나도 지내고 싶은데   바보처럼 또 소리내 울고있죠  바보처럼 또 그댈 찾아요  그댄 이미 다른사람과  행복하게 지내는데   오직 그댈 위해서  잘했었는데 그랬었는데  믿고있던 그대였는데   바보처럼 또 소리내 울고있죠  바보처럼 또 그댈 찾아요  그댄 이미 다른 사람과  행복하게 지내는데   오- 바보처럼 또 소리내 울고있죠  바보처럼 또 그댈 찾아요  그댄 이미 다른 사람과  행복하게 지내는데 -
2003.08.17~08.23,32,418254,바보같은 내게,김범수,보고 싶다,2002.12.11,Ballad,이현도,여전히 우린 이렇게 마주 앉아 있지만  너는 이미 떠난것 같아 워-  요즘 더욱 더 어색한 너의 모습앞에서  내 가슴은 텅빈 것 같아  사실 나는 알아 우리의 헤어짐이 곁에 왔음을  하지만 모르는 척 할 수 밖에 난 없어  지금 이 순간에 난 세상 가장 나약한  또 가장 큰 슬픔속에 빠져버린 남자일뿐이야 오-  어떤 말이라도 내게 먼저 말해줘  나는 이미 네 맘을 알고있어 괜찮아  넌 떠나가지만  그런 너의 모습마저 사랑한  나는 그대로 일 테니까   아직도 너는 나에게 말하지 않았지만  니가 이미 떠난걸 알아 오- 요즘 더욱 더 어색한 너의 모습 앞에서  내 가슴은 텅빈 것 같아  사실 나는 알아 우리의 헤어짐이 곁에 왔음을 하지만 모른 척 할 수 밖에 난 없어  지금 이 순간에 난 세상 가장 나약한  또 가장 큰 슬픔속에 빠져버린 남자일뿐이야 워-   어떤말이라도 내게 먼저 말해줘  난 이미 니 맘을 알고있어  괜찮아  넌 떠나가지만 그런 너의 모습마저 사랑한  나는 그대로일 테니까  그동안 나에게 숨겨왔던 수 많은 거짓들  그렇지만 나는 너를 원망 할 수가 없었어  내가 할 수 있는것이란 단 한 가지 뿐이야  이런 너까지 사랑하는 것  이런 바보같은 내게 먼저 말해줘  나는 이미 네 맘을 알고 있어 괜찮아  넌 떠나가지만  그런 너의 모습마저 사랑한  나는 그대로일 테니까   내게 제발 이런 내게 먼저 말해 줘  알고있어 괜찮아 너 떠나가지만  그런 너의 모습마저 사랑한  나는 그대로일 테니까  나만 슬퍼하면 되니까
2003.08.17~08.23,33,460363,난(亂),옥주현,Nan,2003.06.02,Ballad,옥주현,잘 지내고 있겠죠   내 걱정은 물론 하지 않겠죠   난 아직 버릇처럼   그댈 걱정해요   떠나던 그 뒷모습   먼지같은 점이 될때까지도   발걸음조차 뗄 수 없던   그 날 이후   세상끝난 듯 울던 난   웃음도 나왔던 난   넋이 나간 사람처럼   낮과 밤도 잃어버린채   살았지만   다시 생각했죠   그대가 살아있단게 고맙다고   아직은 절망도 이를꺼라고   변한건 없을꺼예요   다만 그대없는 사랑도   난 지켜가죠   네번째 손가락에 오랜   시간 머문 반지자욱도   어느새 채워버린 그댈   본 날 이후   세상끝난 듯 울던 난   웃음도 나왔던 난   넋이 나간 사람처럼   낮과 밤도 잃어버린채   살았지만   다시 생각했죠   어쩌면 그대도 많이 낯설어서   조금씩 내게로 돌아온다고   그렇게 생각할래요 다만 그대   없는 사랑도   홀로 지켜가는거죠   이렇게 시작도 그랬죠  익숙한걸요  아픈것도 내 몫이죠  다만 여전히 그대만을  사랑해요 난
2003.08.17~08.23,34,454839,길 (Feat. 불독맨션),데프콘,Lesson 4 The People,2003.05.13,Rap / Hip-hop,데프콘,내 노래 가락에 이 길을 간다네 시원한 바람에 이 길을 간다네 내 노래 가락에 이 길을 간다네 에헤~ 이틀밤을 샜어 내 방한가운데서 많은시간을 내서 떠올린 말을 뱉어  완성한 내 가사의 깊이를 찾으려고 애써 노력을 해봤는데~안돼겠어 답답해지는 이 기분을 달래고 보자 무작정 밖으로 나가서 화내고 보다보니까 가만히 생각을 해보니까 뭘하나 빠트렸던거야 바보~ 바로 지금 내 눈앞에서 보이는 저기 저 아이들에게서 나오고 있는 환한얼굴속에서 보여지는 여유~ 그걸 잠시잊어버리고 있었거든 그래 알았다 이제바로시작하자 여유를 담으니 내 낭만의시 하나가 더욱더 멀리퍼져나간다 차차차 모두같이부르세 라라라 내 노래와(나의 시는)빛을 지녀 아주 단단히 해가되어 가나니 달라진다 다지난 그날까지 내노래와(나의 시는)길을 지켜 바른 낱말이 빛이되어 발하리 달라진날을 맞이한 사람만이 내나이 스물여덟 이제한숨은없어 벅찬가슴을 열어 남자의 꿈을던져 아무리 가진게 없다 할 지라도 내가 걷는길이 자갈밭이라도 난 원망은 안해요 이모두를 기쁘게 받아들일꺼야 그리고 푸른 하늘에 떠있는 구름을 즐기면 또 느껴 여유로운나를 기념할꺼야 힘든가요 세상이 짖��나요? 당신을 몰라주는 사람들이 미운가요? 하지만 조금만 더 생각하고 뒤를봐요 저마다 아름답게 손을잡고 길을가요 지금이 어렵다고 생각할진 몰라도 조금은 단순하게 사는것도 좋아요 그래요 모두같이 시작해요 차차차 한번 더 크게 라라라 내 노래와(나의 시는)빛을 지녀 아주 단단히 해가되어 가나니 달라진다 다지난 그날까지 내노래와(나의 시는)길을 지켜 바른 낱말이 빛이되어 발하리 달라진날을 맞이한 사람만이  내 노래와(나의 시는)빛을 지녀 아주 단단히 해가되어 가나니 달라진다 다지난 그날까지 내 노래와(나의 시는)길을 지켜 바른 낱말이 빛이되어 발하리 달라진날을 맞이한 사람만이 내 노래와(나의 시는)빛을 지녀 아주 단단히 해가되어 가나니 달라진다 다지난 그날까지 내노래와(나의 시는)길을 지켜 바른 낱말이 빛이되어 발하리 달라진날을 맞이한 사람만이
2003.08.17~08.23,35,447645,슬픈 초대장,한경일,Travel ∞ Directions (Bonus Track),2003.02.19,Ballad,김진아,내 야윈 손위로 온 초대장위에  널 데려간다는 그와 니이름  오래전 헤어지던날 자꾸 내눈앞에 스쳐  혼자서도 난 서글픈데  수화기 넘어로 젖은 니 목소리  그때 왜 날 보내줬냐고 첨부터 널 사랑했다면  마지막까지 붙잡아야 했다고  그 많은 사연들 다 버려둔채로 날 떠난 너였잖아  지금 그를 사랑한다면서  왜 이제와서 또 바보처럼 흔들려  누굴 위해 돌아봐  아픈 가슴 추억으로 달래며  니 행복을 믿었는데  차라리 날 다 지워버려  넌 그를 택한 세상에 후회하지 않도록  남들 처럼 나도 멀리서 나마  축하하고 싶으니    다 기억할만큼 모질지 못한 너  날 두번 울리잖아 되돌리긴 너무 늦었는데  왜 이제와서 또 바보처럼 흔들려  누굴 위해 돌아봐  아픈 가슴 추억으로 달래며  니 행복을 믿었는데  차라리 날 다 지워버려  넌 그를 택한 세상에 후회하지 않도록  남들 처럼 나도 멀리서 나마 축하하고 싶으니  부디 가서 영원해줘
2003.08.17~08.23,36,418596,그대 돌아오면..,거미,Like Them,2003.02.01,R&B / Soul,박경진,참 그대 차가웠죠 마지막 인사까지도  그 흔한 한마디 잘 지내란  말도 없이 돌아섰죠  그대는 괜찮나요 지금은 행복한가요  난 힘이 들어요 바보처럼 아직도  그대 생각만을 해요  빈 수화기를 들고 그대 이름 불러요  아무것도 누르지 못한 채로  그댄 그렇지 않죠 이젠 나의 얼굴도  내 목소리도 잊은거겠죠  아직 혼자 남은 추억들만 안고 살아요  우리 함께 걷던 그 거리를 혼자 걸어요  혹시 걷다보면 나를 찾는 그대를 만나  다시 그대와 사랑하게 될까봐    그대에게 쓴 편지 보내지도 못하고  내 두손에 가만히 놓여 있죠  그댄 그렇지 않죠 나와 나눈 얘기도  기억도 모두 묻은거겠죠  아직 혼자 남은 추억들만 안고 살아요  우리 함께 걷던 그 거리를 혼자 걸어요  혹시 걷다보면 나를 찾는 그대를 만나  다시 그대와 사랑하게 될까봐  오늘 그댈 본다면 말해야 하는데  그대 찾고 있었다고  다시 나의 곁에서 떠나려고 한다면  이젠 안된다고  지친 기억들만 안은채로 살긴 싫어요  슬픈 그 거리를 그대 함께 걷고 싶어요  이런 나의 마음 그대에게 닿길 바래요  다시 그대와 사랑할 수 있도록  그대 돌아온다면
2003.08.17~08.23,37,468693,Hello! Summer!,SMTOWN,2003 Summer Vacation In SMTown.Com,2003.06.23,Dance,,"Yo yo Yo yo A-hu,A-hu Yo, ready  SMTOWN 1,2, come on,  That''s right 2003 Let''s party,  Here we go, yo   Here we go yo! Hey baby  내게 비친 그대 모습 왜 이리  좋은걸 Stay with me  푸른 물결 내게 다가와  Ha! 나를 따라와 bwa  그댈 안고 떠나고 싶어 Hoo Ha   기다렸던 계절이 다시 오면  바다 가득히 드리워진 꿈들이   나를 부르고 있어 모두 잊어버리고  기다린 모습을 따라 즐거움만 가득하게   부서지는 파도 하늘을 닮은 구름이 되고  녹아버린 태양 수면위로 반짝이는 물결  저 바람 타고 마음을 열어 떠나봐요  나의 푸른 바다로 오 그대와   Well it''s the S.M.T.O.W.N.  We''re here to have a good time  so grab a friend  We''re gonna party till it can''t be done  Then we gonna lay back  and catch some sun   시원한게 불어오는 바람 속에  스며있는 듯 파란 노랫 소리   그댈 부르고 있어 두 눈 가득 다가온  새하얀 모래알처럼 설레이는 마음마다   부서지는 파도 하늘을 닮은 구름이 되고  녹아버린 태양 수면위로 반짝이는 물결  저 바람 타고 마음을 열어 떠나봐요  나의 푸른 바다로 오 그대와   밤하늘 속 가득히 펼쳐져 있는  저 작은 별빛 속에 담을 추억도   밀려오는 하얀 물거품이 남겨 놓은 그림  흘러가는 바다 저편으로 날아가고 싶어  저 눈이 부신 하늘과 닿은 여름 끝에  날 기다리는 그대의 그 모습도   부서지는 파도 하늘을 닮은 구름이 되고  녹아버린 태양 수면위로 반짝이는 물결  저 바람 타고 마음을 열어 떠나봐요  나의 푸른 바다로 오 그대와"
2003.08.17~08.23,38,452852,슬픈 이별 뒤로,차태현,The [Bu:k],2003.05.02,Ballad,데니안,어느날 갑자기 넌 날 떠나갔었지 슬픈 눈으로 날 바라보며 미안하다고 이젠 그만 잊어달라고 대체 왜 그런거니 무슨 일 있었니 답답하지만 걱정되지만 슬프진 않아 내게 다시 돌아올테니 우연히 들었어 요즘 넌 다른 남자와 행복하다는 걸 아닐꺼야 넌 날 사랑하잖아 지금도 너 정말 그랬니 날 버린거니 이대로 우린 끝인거니 말도 안돼 난 이럴 순 없어 돌아와줘 내게로  누가 잘못본거야 내 착각일꺼야 믿을 수 없어 누구의 말도 떨리는 맘에 달려갔어 너의 집앞에 하지만 나 보게 됐어 널 그 남자와 키스하는 모습을 아닐꺼야 눈물이 앞을 가려 어떡해 너 정말 그랬니 날 버린거니 이대로 우린 끝인거니 말도 안돼 난 이럴 순 없어 돌아와줘 내게로 나 어떡하라고 이러는거니 혹시 내가 뭘 잘못했니 한 번이라도 단 한 번이라도 기횔 줄 순 없겠니 왜 말을 안했어 내가 싫다고 다른 남자가 생겼다고 아프면 안돼 날 잊으면 안돼 대신 행복해야 해
2003.08.17~08.23,39,429655,연인(戀人),김형중,Kim Hyung Joong 1,2003.02.14,Ballad,김형중,잊는다는게 지운다는게  이렇게 힘이 들 줄 몰랐어  어딜 봐도 어느 곳에 있어도  온통 너의 기억 뿐인걸  넌 괜찮은거니 벌써 잊은거니  나처럼 너도 많이 힘드니  애써 봐도 다른 누굴 만나도  나처럼 너도 날 생각하니  가끔 니 사진을 보며 웃곤 해  나 없는 곳에서 잘 지내냐고  널 잊어버리려 너를 지워버리려  아무리 해봐도 널 지울 수 없어  너를 닮은 누군가를 만나서  너의 모습을 찾진 않을까 그게 두려워   가끔 니 사진을 보며 생각해  이렇게 힘들 줄 난 몰랐어 워우워-  널 잊어버리려 너를 지워버리려  아무리 해봐도 널 지울 수 없어  이제야 느껴 너의 짜증까지도  내게 얼마나 소중했는지  널 잊어야만 해 너를 지워야만 해  다시 되돌릴 수 없다는 걸 잘 알기에  어느 곳에서 어느 누굴 만나도  그런 사랑은 다시 없을 것 같아  그게 두려워.. 난 그게 두려워
2003.08.17~08.23,40,1137829,Try To Remember,성시경,Try To Remember (Special),2003.05.27,Ballad,,"Try to remember the kind of September  When life was slow and oh, so mellow  Try to remember the kind of September  When grass was green And grain was yellow   Try to remember the kind of September  When you were a tender And callow fellow  Try to remember and if you remember  Then follow, follow   Try to remember When life was so tender  That no one wept except the willow  Try to remember when life was so tender  That dreams were kept beside your pillow   Try to remember the kind of September  When love was an ember About to billow  Try to remember and if you remember  Then follow, follow, follow   Deep in December It's nice to remember  Although you know The snow will follow  Deep in December It's nice to remember  Without the hurt the heart is hollow   Deep in December it's nice to remember  The fire of September That made us mellow  Deep in December Our hearts should remember  then follow, follow, follow -"
2003.08.17~08.23,41,609674,한국인 (韓國人),MC스나이퍼,2집 초행 (初行),2003.05.14,Rap / Hip-hop,MC스나이퍼,Real Reggae Hip hop Music 자메이카로 향해 Lord Have Mercy 세상말세 어지러운 난항세 따스함을 네게 전해 스나이퍼와 함께 절실함을 가진 새 Buddha baby 만만세 Real Reggae Hip hop Music 자메이카로 향해 Lord Have Mercy 세상말세 어지러운 난항세 따스함을 네게 전해 스나이퍼와 함께 절실함을 가진 새 Buddha baby 만만세 세계 속의 동양인 그래 나는 한국인 시베리아를 누비고 다니는 조선호랑이의 주인 기나긴 세월 속에 태어난 알라딘 보다 강한 의지의 신 고구려인 만주벌판을 달리는 광개토 그의 사고 그 안에서 뜻을 펼쳐 만든 한반도 절대 한번도 패한 적이 없는 여기가 내가 발을 딛고 숨쉬는 Yo! 한국이다! 끝없는 동양의 난세 그 속에 거세게 몰아치는 태풍을 만나 한국이라는 돛단배 노를 못저어 침몰하는 나약함이란 없다 절대 병든 새 마냥 이제 움트리지 않는 시대 동쪽에 뜨는 해는 니가 아닌 나다 거듭나는 세계화속에 떠오르는 예술가 정통 힙합 그건 엄마에게나 물어봐 고집불통인 나는 Yo! 고구려 힙합! 한국 참소리 일어 일어서라 힘든 시련은 안녕 음 Good Bye Real Reggae Hip hop Music 자메이카로 향해 Lord Have Mercy 세상말세 어지러운 난항세 따스함을 네게 전해 스나이퍼와 함께 절실함을 가진 새 Buddha baby 만만세 Real Reggae Hip hop Music 자메이카로 향해 Lord Have Mercy 세상말세 어지러운 난항세 따스함을 네게 전해 스나이퍼와 함께 절실함을 가진 새 Buddha baby 만만세  신을 믿지만 신은 없다 믿는건 자기 자신 어려운 사람들 거리에서 망연자실 울고 떨고 춥고 배고픈 이들 제치고 바쁜 이들 높은 하늘 무관하게 야속한 이 삭막한 세상 높은 정상에 오른 이들은 이상만을 쫓고 평민의 슬픔 고달픔에는 아직도 귀를 닫고 가슴 아픈 서글픔에 여태 한국은 울고 길도 보이지 않는 곳에 닦는 삶의 도로 우리나라 좋은나라 대한민국만세 대한민국만세 태양이 드면 하나 둘씩 씩씩한 삶을 그늘진 곳에 빛도 없어 칙칙한 삶을 동쪽에 뜨는 해는 우리 모두가 되자 거듭나는 세계화 속에 떠오르는 예술가 정통힙합 그건 스나이퍼에게 물어봐 한민족의 삶을 Yo! 고구려 힙합! Real Reggae Hip hop Music 자메이카로 향해 Lord Have Mercy 세상말세 어지러운 난항세 따스함을 네게 전해 스나이퍼와 함께 절실함을 가진 새 Buddha baby 만만세 Real Reggae Hip hop Music 자메이카로 향해 Lord Have Mercy 세상말세 어지러운 난항세 따스함을 네게 전해 스나이퍼와 함께 절실함을 가진 새 Buddha baby 만만세 한국 참소리 일어 일어서라 힘든 시련은 안녕 음 Good Bye 우린 슬퍼도 한국은 이제 일어서 여기 삶 소리 스나이퍼 소리가 절실하게 다가가 Real Reggae Hip hop Music 자메이카로 향해 Lord Have Mercy 세상말세 어지러운 난항세 따스함을 네게 전해 스나이퍼와 함께 절실함을 가진 새 Buddha baby 만만세 Real Reggae Hip hop Music 자메이카로 향해 Lord Have Mercy 세상말세 어지러운 난항세 따스함을 네게 전해 스나이퍼와 함께 절실함을 가진 새 Buddha baby 만만세
2003.08.17~08.23,42,430908,제비,김건모,Hestory,2003.02.27,Dance,최준영,도대체 사랑이 뭔데 왜 나를 울리는 거야
2003.08.17~08.23,43,420424,고백,델리스파이스,Espresso,2003.01.24,Rock,김민규,중2때까지 늘 첫째 줄에  겨우 160 이 됐을 무렵  쓸만한 녀석들은 모두 다  이미 첫사랑 진행 중  정말 듣고 싶었던 말이야  물론 2년전 일이지만  기뻐야하는 게 당연한데  내 기분은 그게 아냐  하지만 미안해 이 넓은  가슴에 묻혀  다른 누구를 생각했었어  미안해 너의 손을 잡고  걸을 때에도  떠올렸었어 그 사람을  널 좋아하면 좋아할수록  상처 입은 날들이 더 많아  모두가 즐거운 한 때에도  나는 늘 그곳에 없어  정말 미안한 일을 한걸까  나쁘진 않았었지만  친구인 채 였다면 오히려  즐거웠을 것만 같아  하지만 미안해 네 넓은  가슴에 묻혀  다른 누구를 생각했었어  미안해 너의 손을 잡고  걸을 때에도  떠올랐었어 그 사람이 정말 듣고 싶었던 말이야  물론 2년전 일이지만  기뻐야하는 게 당연한데  내 기분은 그게 아냐  하지만 미안해 네 넓은  가슴에 묻혀  다른 누구를 생각했었어  미안해 너의 손을 잡고  걸을 때에도  떠올렸었어 그 사람을  하지만 미안해 네 넓은  가슴에 묻혀  다른 누구를 생각했었어  미안해 너의 손을 잡고  걸을 때에도  떠올랐었어 그 사람이
2003.08.17~08.23,44,417935,고작 약간의 한숨과 약간의 눈물뿐... [Forgive Me],클릭비(Click-B),Click-B 04,2003.02.06,Ballad,우연석,어제 꿈속에서 널 봤어  우리 정말 행복했었는데.. 정말 행복했었는데..  아~보고싶다. 정말 너 많이 사랑했어  모든게 나의 잘못이라 하더라도 괜찮아 잠시라도  네가 나의 품에 안겨 함께 했잖아  후회 하지 않아 하지만 나 돌이켜 보면  한숨이 나 난 숨이 막 혀 버릴듯 한  지난날을 기억해  지난날의 숱한 아픔 속에 나는 아직 너만을  잊지 못하네 너만을 생각하게 돼  I Can't forget you You are the only  one for me my love  지금에 와서 이런 말해도 괜찮을지 모르겠지만 변명처럼 들릴거란거 잘 알아 하지만 널 너무 사랑했기 때문에  널 떠날거라면 믿어 주겠니?  이런 내가 너무 바보 같지?  내 바보같은 사랑을 용서해줘  언제나 나를 밝혀 주던 너를 위해  함께 할수 없는 날 용서해줘  이런 내 마음을 넌 알아주길 바래  너의 그 사랑만은 나의 곁에 있어  나 이해하기 힘들다는거 잘 알아  나도 너를 보내고 많이 힘들었어  하지만 내 걱정은 하지마  고작 약간의 한숨과 약간의 눈물뿐  서로 다른길을 가야했던 너와 나  You&amp;I Hard to be together now 네게 더 나 다울 수 없었던 나를 용서해줘  내 손이 닿을수 없는 곳에서 그저 나를 바라봐  바라봐 지금의 내 모습을  널 보내고 행복하지 않은 날  너와의 추억은 내 맘속에 산산히 부서져  날 아프게 해 여전히  너에게 받은 수많은 선물과  아침까지 나누던 대화  널 사랑하지 않아서 널 떠나간게 아냐  널 지켜주지 못하는 내 모습을 떠난거야  언제나 나를 밝혀 주던 너를 위해  함께 할수 없는 날 용서해줘  이런 내 마음을 넌 알아주길 바래  너의 그 사랑만은 나의 곁에 있어  네게 해준것도 아니 난 네게 아무것도 안돼  이게 내 전부야  oh my love  언제나 나를 밝혀 주던 너를 위해  함께 할수 없는 날 용서해줘  이런 내 마음을 넌 알아주길 바래  너의 그 사랑만은 나의 곁에 있어  언제나 나를 밝혀 주던 너를 위해  함께 할수 없는 날 용서해줘  이런 내 마음을 넌 알아주길 바래  너의 그 사랑만은 나의 곁에 있어  날 용서해줘 널 진정으로 사랑했기에  널 떠난거야 그리고 고마웠어
2003.08.17~08.23,45,1726654,The Secret Garden,이상은,Out Of Space,2007.08.31,Ballad,이상은,"All I wanna know Where's the secret garden Inside of you And where's the zoo Then you will know I'm not different from you I'll say the names of trees with fruits  bring the sleeping monsters, too If you hide your nails of violence I will leave you with ignorance When I'm tired of your zoo Don't say that I don't trust you Sometimes you didn't notice that I can choose You're not the universe as I am It's like a small town Worse than a jail sometime. You're not the universe as I am Don't terrify me never waste your time La la la la la la la la La la la la la la la la La la la la la la la la La la la la la la La la la la la  All I wanna know is Why you're treating yourself As an eagle with hunger Where's the clue Then you will know You just another victim Hope that I know how to pray For your painful monsters You know If you cut your nails of violence  No one say That you are not innocence When you are tired of being good There so many other joys Will come to you Sometimes You didn't notice the changes You're not the universe as I am Its' like a small town Worse than a jail sometime You're not the universe as I know Don't terrify me never waste your time I know you have your own secret garden Is it just like mine or better than where I've been You're not the universe as I am Don't terrify me never waste your time"
2003.08.17~08.23,46,443515,봉우리,전인권,Destiny,2003.03.10,Rock,김민기,사람들은 손을 들어 가리키지 높고 뾰족한 봉우리만을 골라서 내가 전에 올라가 보았던 작은 봉우리 얘기 해줄까 봉우리 지금은 그냥 아주 작은 동산일 뿐이지만 그래도 그때 난 그 보다 더 큰 다른 산이 있다고는 생각지 않았어 나한텐 그게 전부였거든  혼자였지 난 내가 아는 제일 높은 봉우리를 향해 오르고 있었던 거야 너무 높이 올라온 것일까 너무 멀리 떠나온 것일까 얼마 남진 않았는데 잊어버려 일단 무조건 올라보는거야 봉우리에 올라서서 손을 흔드는거야 고함도 치면서 지금 힘든 것은 아무것도 아니야 저 위 제일 높은 봉우리에서 늘어지게 한 숨 잘텐데 뭐  허나 내가 오른 곳은 그저 고갯 마루였을 뿐 길은 다시 다른 봉우리로 거기 부러진 나무 등걸에 걸터 앉아서 나는 봤지 낮은데로만 흘러 고인 바다 작은 배들이 연기 뿜으며 가고  이봐 고갯 마루에 먼저 오르더라도 뒤돌아서서 고함치거나 손을 흔들어댈 필요는 없어 난 바람에 나부끼는 자네의 옷자락을 이 아래에서도 똑똑히 알아볼 수 있을테니까 말이야  또 그렇다고 괜히 허전해하면서 주저 앉아 땀이나 닦고 그러지는 마 땀이야 지나가는 바람이 식혀주겠지 뭐 혹시라도 어쩌다가 아픔 같은것이 저며올 때는 그럴 땐 바다를 생각해 바다 봉우리란 그저 넘어가는 고갯 마루일 뿐이라구 하여 친구여 우리가 오를 봉우리는 바로 지금 여긴지도 몰라 우리 땀 흘리며 걷는 여기 숲 속에 좁게 난 길 높은 곳에 봉우리는 없는지도 몰라 그래 친구여 바로 여긴지도 몰라 우리가 오른 봉우리는 우 우우 아아 아
2003.08.17~08.23,47,439346,친구 붕우 (朋友),안재욱,Reds In Anjaewook 4,2003.03.17,Ballad,LIUSIMING,괜스레 힘든 날 턱없이 전화해  말없이 울어도 오래 들어주던 너  늘 곁에 있으니 모르고 지냈어  고맙고 미안한 마음들  사랑이 날 떠날때 내 어깰 두드리며  보낼 줄 알아야 시작도 안다고  얘기하지 않아도 가끔 서운케 해도  못믿을 이 세상 너와 난 믿잖니   겁없이 달래고 철없이 좋았던  그 시절 그래도 함께여서 좋았어  시간은 흐르고 모든게 변해도  그대로 있어준 친구여  세상에 꺾일때면 술 한잔 기울이며  이제 곧 우리의 날들이 온다고  너와 마주 앉아서 두 손을 맞잡으면  두려운 세상도 내 발 아래 있잖니  세상에 꺽일때면 술 한잔 기울이며  이제 곧 우리의 날들이 온다고  너와 마주 앉아서 두 손을 맞잡으면  두려운 세상도 내 발 아래 있잖니  눈빛만 보아도 널 알아  어느 곳에 있어도 다른 삶을 살아도  언제나 나에게 위로가 되준 너  늘 푸른 나무처럼 항상 변하지 않을  너 얻은 이 세상 그걸로 충분해  내 삶이 하나 듯 친구도 하나야
2003.08.17~08.23,48,420037,인연,노을,노을,2002.12.16,Ballad,박진영,왜 이렇게 엇갈리는지  우린 결국 이뤄지지 않을런지  왜 이렇게 날 울리는지  우린 인연이 아닌건지  내가 한걸음 다가서면  너는 한걸음 물러나고  내가 기다리다 지쳐서 돌아서면  너는 그때야 나타나고  내가 남겨놓은 편지는  바람이 불어 날아가고  니가 녹음해놓은 사랑한다는 말은  그만 실수로 지워지고  나는 널 사랑하는데  너도 그런 것 같은데  만나려고만 하면  우린 빗나가는데  언제까지 이럴껀지  왜 이렇게 엇갈리는지  우린 결국 이뤄지지 않을런지  왜 이렇게 날 울리는지  우린 인연이 아닌건지  인연이란게 있는건지  이미 다 정해져 있는지  서로를 아무리 원해도 사랑해도  인연이 아니면 아닌지  나는 꼭 너야 하는데  다른 사람은 싫은데  하늘이 널 조금만 놓아주면 되는데  왜 이렇게 잔인한지  왜 이렇게 엇갈리는지  우린 결국 이뤄지지 않을런지  왜 이렇게 날 울리는지  우린 인연이 아닌건지  될듯 될듯 이뤄질듯 이뤄질듯  하다가도 꼭 마지막에는 우리들의  뜻과는 다르게 꼭 일이꼬여 가슴 아프게해  운이 따라주지 않은 나를 슬프게 해  텔레비전에 내 얘기를 내보내면 드라마가 될 것만 같아  이렇게 운이 따라주지 않는데  어떻게 인연이 아닌것 같은데  왜 이렇게 엇갈리는지  우린 결국 이뤄지지 않을런지  왜 이렇게 날 울리는지  우린 인연이 아닌건지  정말 우린 인연이 아닌건지
2003.08.17~08.23,49,444960,사랑할 때 버려야 할 몇가지,조성모,가인 (歌人),2003.03.11,Dance,이경,Can't stop loving you never forget falling love 지나간 사람에 미안함 정들 것 같은 그 두려움 만약이라도 빠른 시간내 끝날것 같은 불안함 더 많이 가지련 이기심 너 밖에 없다는 부담감 내가 아니면 갈곳 없어 라는 웃긴 자만심 이건 사랑할 때 버려야 할 몇 가지 널 만나고 난 모두 버렸어 널 사랑하니까 Can't stop loving you never forget falling love 매순간 최선 다해 너를 사랑해 Can't stop loving you never forget falling love 불안한 마음 던져버리고 사랑해 사랑해 이만큼 내가 해줬으니 이만큼 해달란 소심함 조금이라도 지지않으련 쓸모가 없는 자존심 서로를 주변의 사람과 비교하는 못된 습관들 내가 아니면 누가 받아줄까 혼자 착각들 이건 사랑할 때 버려야 할 몇가지 널 만나고 난 모두 버렸어 널 사랑하니까 Can't stop loving you never forget falling love 매순간 최선 다해 너를 사랑해 Can't stop loving you never forget falling love 불안한 마음 던져버리고 사랑해 사랑해 Can't stop loving you never forget falling love 매순간 최선 다해 너를 사랑해 Can't stop loving you never forget falling love 불안한 마음 던져버리고 사랑해 사랑해
2003.08.17~08.23,50,441007,남자기 때문에,드렁큰타이거,뿌리,2003.02.01,Rap / Hip-hop,타이거JK,눈물은 태어나 세 번 꼴찌라도 누구에건 자존심은 내걸고 난 어떤 상황에도 몇 번 뒷걸음질 못하고 맞았던 고집불통 내게 쌍코피는  보통 몸과 마음속 고통 시원한 냉수로 깨끗이 씻어내 빨랫 비누로 머리를 감아도 개운해 배운 게 이것 뿐이지만 해내야 돼 내 아내 그녀의 고운 손가락 영원하게 사포보다도 거칠어진 내 주먹에  쥐가 나도 피가 나도  천으로 돌돌 말아 아파하지 않고 용감의 탈로 가려 내 두려움 부드러움과 부러움을 숨긴 채  난 남자기 때문에 절대 흔들릴 수 없는 나의 맘의 한복판에 박힌 장대위에 달린 벌집 속에 벌떼 가끔 따갑게 쏴대며 날 아프게 하지만 오징어에 고추장에 소주 열한잔반 쓰라린 나의 가슴속을 싹 쓸어내리며 얼큰한 김칫국에 고된 하루를 달래주며 고개를 숙여 또 참고 그날을 기다리며 널 납작하게 만들 날만 혼자 벼르고 있어 눈싸움도 지기 싫어 내 두 눈 부릅뜨고 거울 속에 나란 놈과 또 한 번 붙어보고 하늘을 향해 턱을 올려 눈물을 삼켜버려 난 남자기 때문에 또 태산을 어깨위로 절대로 울지 않아 난 남자기 때문에 절대로 울지 않아 난 남자기 때문에 너 대신 내가 맞어 난 남자기 때문에 너 대신 내가 맞서 난 남자기 때문에 흑기사여 One Shots! One Shots! 여자에 약한 나 여자에 약한 나 알집을 두개 찬 난 미련한 나란 남자기 때문에 남자기 때문에 친구 따라 강남 갔다 배신만 당한 나 또 만나 술 사주고 그냥 웃고 말아 버린 아픔의 기억들 다 건배로 깨진 잔과 함께 깨끗이 지워지고 깨끗이 지워지고 힘든 널 일으켜 내 등에 짊어지고 울컹거리는 내 가슴을 억눌리고 소리를 질러 밤거리로 발길을 질러 말처럼 달려 Gitty up and away 그들의 채찍질에 난 또 헉헉거리며 뛰네 소리가 죽고 숑고를 묻고도  사랑은 눈물을 쏟아도 미련이 난 또 그러려니 아랑곳 하지 않고 태산도 짊어지고 난 또 남자기 때문에 yo yo yo yo 그냥 부닥쳐 형제와 부모를 위해 내 심장을 아낌없이 바칠 수 있지 나의 마음 바뀜없이 친구와 가족이란 내가 사는 이유 아직 가진 거란 186키가 전부 힘든 하루가 시작되며 내 정신의 권투 아무리 쓰러져도 오뚝이 나 끝까지 버티지 끈질긴 끈기와 내투지 누구는 어리석다  하지만 인생은 Boxing ring  그 종이 땡땡거릴 때까지 흰 수건을 뒤로 던져도 두발로 다시 섰지 날 떨게 만드는 상대에게는 속마음을 숨겨 이를 깨물고 One Two툭툭 주먹을 던져 yo 남자기 때문에 난 남자기 때문에 절대로 울지 않아 난 남자기 때문에 절대로 울지 않아 난 남자기 때문에 너 대신 내가 맞어 난 남자기 때문에 너 대신 내가 맞서 난 남자기 때문에 흑기사여 One Shots! One Shots! 여자에 약한 나 여자에 약한 나 알집을 두개 찬 난 미련한 나란 남자기 때문에 남자기 때문에 절대로 울지 않아 난 남자기 때문에 절대로 울지 않아 난 남자기 때문에 너 대신 내가 맞어 난 남자기 때문에 너 대신 내가 맞서 난 남자기 때문에 흑기사여 One Shots! One Shots! 여자에 약한 나 여자에 약한 나 알집을 두개 찬 난 미련한 나란 남자기 때문에 남자기 때문에
